82
11
43
35
40
73
50
96
16
32
90
1
72
86
11
85
23
66
72
43
60
45
55
36
26
52
68
78
75
43
5
92
8
20
95
55
37
17
28
2
37
18
47
50
23
10
58
24
98
67
65
49
29
32
59
88
25
77
4
19
70
43
100
92
65
93
87
32
38
66
59
87
45
90
54
96
77
24
70
29
52
86
86
67
41
16
27
38
61
55
60
37
88
9
49
51
55
94
23
38
92
39
89
28
31
76
37
27
19
30
21
31
83
71
25
54
97
97
95
29
31
59
76
6
24
91
27
18
34
37
13
88
24
70
61
95
74
33
48
54
42
11
4
4
50
30
71
82
97
89
17
91
22
57
55
31
5
100
37
12
28
67
72
99
36
49
71
46
4
44
29
100
56
62
47
48
16
60
28
39
70
23
18
50
94
5
82
68
80
77
52
79
30
8
7
30
71
53
8
28
98
49
48
83
84
79
68
34
59
56
69
26
6
38
63
30
29
85
100
46
45
23
90
59
43
84
34
17
48
65
17
47
74
10
31
11
82
85
6
11
11
76
19
5
46
2
76
91
42
94
90
78
67
91
9
12
32
3
71
83
0
32
60
95
16
74
42
58
84
47
24
75
58
11
26
45
81
67
56
83
45
14
14
38
42
22
84
69
76
61
35
6
31
87
20
59
48
43
67
96
28
20
56
17
1
77
32
73
92
40
54
91
17
89
77
12
30
60
84
22
22
31
68
4
6
24
53
24
80
43
100
90
86
76
29
97
37
8
1
19
91
6
19
18
52
11
63
92
92
58
70
61
25
25
23
67
60
70
16
25
100
36
16
90
42
36
31
98
81
16
17
78
89
37
78
41
6
40
56
18
19
21
14
19
80
33
37
48
46
52
54
73
13
18
96
92
84
29
82
26
89
59
41
26
44
6
7
22
28
17
25
26
70
6
48
23
77
46
41
82
53
47
39
81
26
92
38
43
64
52
70
7
55
75
88
55
3
80
58
72
32
32
45
61
13
52
42
56
32
11
52
59
24
43
65
97
39
96
3
65
15
84
17
8
81
13
91
17
43
50
31
90
65
86
79
44
15
90
66
23
93
91
67
81
50
9
89
11
35
29
0
100
6
98
20
77
18
55
39
56
53
46
90
93
31
77
47
14
25
49
77
15
17
28
10
88
11
5
20
8
35
42
22
1
29
23
62
65
72
15
36
10
73
100
72
12
57
93
31
66
39
65
23
59
33
46
19
69
52
39
85
52
25
70
22
50
33
71
44
34
45
52
86
67
32
16
40
0
65
67
84
41
55
88
64
89
33
41
15
96
88
42
96
13
33
30
59
91
96
64
50
86
71
30
67
93
10
62
67
57
25
18
29
88
26
38
47
76
95
14
35
9
50
70
69
16
23
73
32
60
86
32
94
80
81
10
22
56
38
69
37
13
54
79
95
61
39
8
50
24
60
30
46
47
52
31
1
61
56
7
98
4
71
97
25
60
6
80
18
61
43
89
90
19
53
46
48
77
72
42
95
29
45
56
6
0
62
53
20
28
50
17
91
8
15
0
91
78
42
73
28
8
35
29
59
66
98
23
30
48
48
46
15
43
24
16
71
3
7
61
82
13
58
24
60
56
78
1
76
9
65
11
16
67
42
61
4
42
15
6
7
6
8
7
93
92
14
19
30
72
76
66
21
17
10
4
15
83
98
42
70
83
41
53
15
84
32
96
81
3
43
88
81
6
9
59
81
55
77
42
65
59
35
48
44
95
40
90
31
89
63
74
30
64
57
67
48
85
49
34
62
56
20
27
14
84
26
36
88
47
68
51
46
5
60
32
41
39
93
47
84
93
4
36
32
19
18
48
98
15
34
35
58
25
18
20
84
86
5
94
29
98
77
100
67
35
82
86
62
26
93
90
80
60
16
52
58
18
47
40
21
14
60
8
76
37
15
73
80
65
30
55
27
65
8
98
10
72
26
5
82
96
75
75
18
79
99
27
21
66
17
90
81
34
37
69
3
13
28
43
96
99
32
93
48
21
36
74
93
52
14
22
12
95
66
89
19
21
24
68
4
42
33
44
42
55
60
93
34
35
88
8
65
38
41
32
44
12
9
62
72
89
76
78
48
4
49
52
30
68
21
55
19
87
91
100
53
7
61
36
36
17
8
95
76
10
50
20
63
26
27
47
63
28
92
86
67
2
28
95
41
78
23
100
35
69
83
33
39
80
15
24
45
74
32
98
19
60
20
42
9
73
72
33
32
0
97
12
37
57
12
88
28
87
36
74
73
96
88
50
21
23
68
17
14
53
90
48
93
56
0
3
9
79
