25
68
72
34
84
76
50
23
51
11
17
55
73
91
15
57
55
19
54
97
46
25
19
70
7
33
70
69
8
70
73
58
27
90
22
32
20
83
32
16
49
18
89
19
33
52
43
14
45
88
87
88
28
84
24
21
15
28
63
5
32
14
86
58
45
21
73
32
31
66
4
2
49
53
96
17
52
65
40
22
53
74
10
18
43
64
61
9
78
12
56
6
73
81
40
29
19
14
3
40
71
67
37
19
76
29
43
9
47
32
41
40
63
1
21
45
90
41
66
20
45
43
86
10
30
77
99
23
66
31
28
100
39
78
91
4
100
49
8
99
57
88
33
25
22
100
41
45
19
10
40
84
24
9
53
67
57
28
35
84
83
85
2
69
22
35
81
3
68
100
15
81
99
67
48
45
39
44
65
18
63
42
42
42
51
22
10
2
69
100
83
61
62
58
2
99
54
93
26
3
23
93
26
35
33
59
100
19
37
96
71
50
83
63
83
61
57
40
4
63
41
100
13
42
55
38
95
6
72
99
74
83
68
58
39
27
48
60
52
87
62
78
61
12
90
47
91
88
39
85
46
57
40
38
85
56
36
32
68
3
9
80
45
58
58
12
93
31
20
19
25
100
23
11
13
41
70
99
42
6
57
26
12
40
53
16
25
66
65
8
35
42
15
91
14
36
37
39
87
44
28
91
98
60
77
19
20
53
91
14
89
8
28
30
20
17
21
10
72
35
77
75
48
32
3
25
66
66
65
87
37
30
5
66
85
73
66
79
35
96
25
36
26
91
6
88
99
32
62
85
87
28
94
9
27
4
58
9
46
40
44
82
95
30
27
77
76
36
31
4
89
6
98
35
9
98
11
75
90
51
89
2
39
6
64
99
21
93
21
35
72
34
27
1
55
52
10
99
42
82
53
47
8
72
0
15
100
34
18
41
66
5
65
7
53
86
84
93
43
19
24
65
65
100
54
60
100
55
1
34
8
62
75
44
84
61
27
35
20
65
43
49
26
97
54
34
27
89
25
93
68
89
61
53
1
57
33
12
7
17
84
75
79
9
4
27
16
26
42
82
19
100
99
86
88
2
12
43
7
72
1
70
94
12
12
18
74
22
40
4
11
31
41
33
24
97
88
45
12
54
22
99
67
42
30
71
16
19
71
45
4
24
82
79
70
57
25
95
91
19
51
78
2
8
33
7
61
42
76
2
71
11
62
52
88
45
21
91
61
42
66
79
58
93
89
53
71
71
22
46
38
63
63
57
27
37
95
46
60
75
22
61
72
76
37
68
82
44
21
31
5
35
15
24
89
42
65
0
42
99
64
24
48
23
39
33
69
22
100
75
61
93
1
13
68
24
28
91
64
41
39
82
48
84
33
54
98
64
46
44
50
88
19
11
98
34
36
69
79
86
81
31
9
20
44
6
38
81
84
75
23
96
70
70
59
88
12
9
60
73
60
66
50
20
92
57
87
37
79
89
37
37
99
52
53
47
29
71
42
52
55
85
100
28
99
45
37
86
52
4
9
17
0
42
85
47
58
22
84
23
75
85
37
46
28
4
53
73
22
31
100
37
43
16
78
70
28
41
68
73
30
8
1
91
56
9
71
50
25
56
52
45
45
9
21
81
58
42
89
49
48
92
91
19
83
90
74
9
50
7
87
83
71
57
1
1
19
55
76
23
90
14
20
25
36
42
72
7
57
42
23
9
16
60
52
97
76
26
4
16
15
35
79
83
76
73
62
24
94
42
89
93
24
31
46
28
34
53
98
100
58
68
16
94
88
87
4
48
14
85
42
21
82
45
39
77
62
12
76
64
8
38
25
86
20
90
43
26
88
14
91
96
70
1
51
90
79
38
37
100
34
80
25
35
61
49
59
18
71
34
4
70
67
14
66
100
67
31
42
2
28
69
46
77
73
1
90
92
13
99
37
75
48
65
5
23
83
71
83
0
3
26
87
69
43
23
25
46
6
25
89
21
97
45
74
9
4
82
91
44
65
62
71
40
29
31
64
94
30
5
37
8
97
81
73
85
65
35
20
35
65
97
30
47
31
43
67
52
7
58
14
84
68
99
94
56
7
4
29
5
66
85
62
77
75
64
5
29
71
29
77
53
93
35
80
6
77
12
73
10
81
53
12
27
37
3
84
15
32
55
96
11
100
36
74
53
81
20
25
4
57
15
1
18
13
60
56
69
1
79
16
78
49
40
11
12
4
17
3
90
2
57
42
22
50
74
63
17
99
26
25
89
85
15
66
9
52
6
15
58
31
73
76
94
10
69
34
27
89
86
80
47
18
18
11
4
78
62
92
14
55
4
64
32
