16
94
70
40
68
11
9
31
3
21
94
33
7
3
39
53
82
81
30
91
40
47
54
29
50
88
65
38
50
86
63
79
26
52
46
2
61
76
92
55
8
4
55
78
60
43
55
22
47
81
30
22
22
98
48
7
72
56
41
79
91
79
95
10
70
33
89
67
3
14
96
20
40
43
9
3
68
26
50
33
47
99
77
78
6
61
65
67
85
95
34
10
39
61
7
78
22
57
28
1
88
11
13
48
74
5
45
59
86
35
48
74
93
58
49
18
81
76
11
49
13
6
64
39
60
96
33
78
27
90
21
3
75
75
30
80
62
89
74
82
91
100
92
50
9
57
44
71
5
45
100
47
41
7
49
6
85
80
9
16
85
25
85
89
69
35
87
93
89
70
67
40
20
38
4
73
93
16
0
99
1
40
22
60
59
75
50
28
100
51
40
86
67
0
10
12
28
88
80
53
76
43
63
65
52
6
34
71
99
31
2
28
38
25
20
7
9
98
86
5
63
4
1
65
99
0
20
72
72
64
42
76
76
79
98
73
9
85
1
38
41
47
44
53
2
92
53
75
43
95
2
99
95
70
40
48
45
41
62
91
91
55
69
20
98
94
2
19
14
86
94
90
15
32
24
12
11
70
98
87
17
73
10
21
74
16
4
86
64
75
46
4
100
84
46
97
37
69
3
29
94
55
89
92
53
61
16
33
54
53
87
84
64
62
20
29
95
50
65
47
81
33
5
1
9
26
26
64
16
59
23
57
75
82
78
84
92
6
7
46
10
95
91
35
84
29
76
18
9
76
5
55
54
70
74
12
68
36
34
51
85
84
7
17
77
57
44
89
31
90
97
0
59
21
4
63
76
96
25
37
45
29
28
31
95
28
0
72
80
73
42
96
23
88
71
91
41
39
93
9
89
75
77
86
25
32
92
23
76
31
92
6
27
58
50
76
39
7
31
89
72
69
36
51
27
63
29
40
63
13
4
5
85
84
21
64
74
8
41
2
0
30
63
57
52
99
21
99
21
61
42
31
90
97
50
95
93
56
80
64
17
84
42
85
1
29
15
19
60
96
64
59
24
82
67
36
22
47
85
54
23
17
45
77
13
1
21
42
23
64
46
39
40
94
28
93
30
89
59
1
79
96
34
91
15
33
36
86
22
19
72
38
56
61
32
45
48
48
45
33
5
27
52
28
75
49
53
49
25
42
5
4
64
55
10
39
38
73
75
17
46
75
33
14
56
91
65
36
48
86
29
70
31
43
19
72
39
48
46
9
77
46
88
73
100
100
19
85
29
15
10
43
75
78
28
90
86
21
88
67
46
43
90
71
24
37
90
70
44
45
92
95
86
68
56
80
94
36
48
28
55
21
85
10
41
95
13
56
49
74
91
80
21
3
4
74
17
71
47
35
23
74
52
43
71
80
93
34
70
16
67
9
39
0
12
97
99
75
40
89
97
57
7
51
24
48
19
28
48
58
72
5
58
72
59
0
0
80
8
4
95
22
21
72
23
47
40
76
20
67
47
92
42
86
1
23
66
70
20
76
72
77
33
10
64
85
70
53
32
21
80
52
72
70
37
33
60
16
7
55
38
22
0
50
28
69
34
0
80
36
65
28
97
59
12
31
66
36
42
69
71
77
56
48
11
80
2
27
16
25
75
18
45
5
12
93
33
31
73
47
86
61
28
60
5
79
16
66
81
16
58
8
78
30
38
84
7
61
18
93
61
95
95
86
68
80
0
4
22
7
82
46
7
55
4
59
43
58
32
18
34
33
84
21
93
50
92
15
85
30
30
39
97
58
97
99
74
89
82
2
62
32
32
92
34
26
95
64
24
11
53
72
38
31
29
52
54
48
81
21
75
92
99
16
30
95
42
58
71
38
52
92
42
69
27
66
34
10
0
67
75
90
23
80
93
82
13
86
16
42
12
95
63
40
50
79
0
40
30
48
35
34
92
60
50
81
79
83
56
69
23
29
12
38
82
24
71
42
54
91
49
34
59
43
41
92
35
4
19
16
35
11
61
42
72
82
30
86
60
19
39
45
36
31
49
100
68
35
15
9
80
100
84
97
31
14
7
91
7
64
10
25
83
52
74
55
75
7
62
69
100
51
88
85
43
8
28
22
98
57
13
3
86
14
43
20
65
95
27
21
49
46
31
10
48
15
10
19
50
81
51
79
68
87
35
97
98
45
45
46
40
99
98
49
89
97
26
44
7
86
66
48
77
73
69
41
28
94
8
97
100
34
72
20
61
38
39
88
7
58
61
6
76
64
34
91
100
11
4
25
40
67
7
41
50
83
0
29
99
37
27
93
33
91
