12
26
55
13
52
34
96
67
75
33
32
44
85
90
41
1
96
71
41
57
72
52
35
83
85
58
47
58
43
51
26
46
48
64
41
8
37
50
49
48
31
19
29
51
62
96
0
96
34
70
21
84
74
70
87
37
12
40
99
45
2
66
94
28
76
67
90
77
75
51
27
44
8
64
38
56
100
35
77
57
84
0
64
61
27
63
28
28
42
23
4
32
45
44
76
15
28
55
25
40
8
0
29
100
32
17
78
12
75
53
78
40
41
92
12
19
22
21
29
91
18
81
29
81
9
99
54
5
29
96
98
49
74
6
73
78
30
13
63
50
25
68
99
11
16
66
97
35
86
34
69
32
56
99
84
3
81
68
66
32
42
26
88
24
45
71
39
29
44
4
6
40
61
52
75
79
33
17
96
77
71
3
16
22
72
11
31
76
48
68
6
9
14
80
24
76
83
32
65
59
82
49
80
84
87
46
12
67
9
82
100
58
23
98
30
7
42
36
49
8
13
86
77
59
40
3
43
91
30
62
95
99
94
71
99
22
33
33
28
88
42
20
71
48
9
7
1
61
83
41
93
81
24
14
29
51
60
14
46
35
34
78
48
73
32
3
29
71
38
20
98
21
42
3
6
87
59
86
94
12
4
47
51
77
53
82
4
49
97
37
17
52
15
57
55
51
40
56
82
69
67
20
10
30
66
47
26
58
63
5
34
23
43
100
3
79
44
21
37
80
28
35
56
48
51
56
45
94
81
16
31
94
58
42
28
65
91
1
74
70
62
3
81
17
78
41
11
0
18
68
88
32
9
57
64
49
58
85
87
50
94
22
19
28
43
95
78
95
29
90
8
87
76
98
70
10
48
53
0
50
8
19
89
25
4
90
23
100
37
37
30
89
63
54
38
1
26
73
32
25
41
99
30
61
26
79
29
3
40
42
67
88
79
61
98
19
55
63
37
17
63
99
73
46
14
95
52
51
14
0
84
79
56
13
18
87
60
74
10
56
90
15
78
53
96
40
9
54
92
4
69
76
64
99
85
47
29
60
12
38
55
1
27
35
88
32
65
60
81
75
99
96
67
45
60
81
15
98
47
55
28
62
81
23
51
66
79
77
3
71
34
2
78
87
41
45
2
62
23
26
7
25
10
94
47
51
15
66
96
8
25
9
100
51
73
31
95
16
35
49
70
46
45
33
18
39
94
97
83
2
18
12
54
44
48
80
87
78
70
63
30
77
0
77
0
45
76
70
59
96
52
22
48
30
0
53
18
85
69
13
71
23
89
44
6
44
20
65
10
65
97
93
98
87
86
68
97
12
77
30
90
77
93
89
55
1
64
91
93
55
92
68
40
54
6
27
74
30
79
9
41
43
68
30
17
45
54
15
40
39
40
53
41
19
59
40
65
75
36
94
66
25
3
64
27
87
2
0
43
27
49
99
81
1
30
46
87
98
96
56
44
20
22
39
36
2
74
23
60
18
25
73
81
18
89
13
19
33
52
44
53
16
34
45
37
69
69
76
89
45
14
22
62
0
91
21
12
91
86
20
2
19
91
72
96
34
40
21
100
25
76
56
80
34
85
22
64
75
43
77
49
12
22
45
4
41
99
78
14
39
50
35
21
66
77
88
71
4
25
47
100
60
36
98
54
48
17
43
66
51
54
82
43
89
80
97
24
42
86
56
19
29
61
81
98
82
34
96
11
39
91
8
44
51
59
26
39
83
90
82
14
47
39
86
39
9
84
6
21
27
18
100
34
30
99
56
38
0
38
84
35
5
34
91
41
90
76
63
62
17
74
70
72
23
5
17
94
10
12
19
54
90
22
96
30
63
55
50
77
97
47
79
31
94
83
7
37
15
91
80
1
61
4
65
20
40
88
98
31
6
28
71
10
80
91
58
76
100
28
45
41
72
27
27
97
21
87
1
29
37
71
45
13
89
83
31
45
7
26
72
29
26
34
0
39
51
13
90
55
0
90
53
84
90
86
70
47
77
40
30
38
99
8
83
31
37
51
46
82
32
49
88
29
14
30
21
23
17
62
59
51
96
28
38
43
47
2
4
15
38
7
37
92
93
2
61
7
91
35
93
6
30
80
34
14
30
74
82
52
95
43
59
28
98
34
1
74
95
54
82
83
1
38
25
18
9
3
22
39
64
12
4
73
39
95
69
99
39
49
91
12
34
76
23
88
14
80
69
25
91
99
14
86
66
72
100
48
90
11
64
93
41
24
29
12
62
82
35
14
13
64
23
10
77
19
43
85
57
66
84
45
46
24
22
86
37
84
6
73
30
21
20
3
2
42
92
94
12
20
99
22
63
59
60
