14
55
51
66
18
100
77
12
89
60
83
77
100
59
72
47
14
35
51
32
35
87
86
26
71
69
95
85
39
51
72
59
85
3
32
38
48
10
43
43
46
29
24
1
75
4
27
15
25
96
88
95
22
79
29
60
79
57
58
14
2
20
89
16
96
60
38
19
12
89
86
91
67
91
72
79
12
67
65
94
36
59
33
13
49
49
74
93
65
29
98
86
35
8
42
83
94
88
64
58
71
63
89
66
51
54
52
60
43
32
87
72
67
19
68
35
53
60
4
100
53
37
6
94
13
58
41
33
53
91
84
66
50
13
88
92
24
49
4
17
74
37
61
11
55
72
75
15
67
36
7
48
54
1
81
31
67
57
74
85
43
48
44
54
6
11
55
52
49
31
10
78
30
35
74
84
86
86
48
41
32
69
94
92
4
90
66
30
75
43
87
97
7
28
26
67
17
77
11
6
18
32
38
68
32
74
40
93
59
14
1
56
50
52
46
5
84
49
52
48
64
45
45
28
66
55
93
83
17
71
2
76
60
92
26
44
93
60
100
35
27
53
40
17
68
78
28
16
3
41
31
14
82
78
0
34
26
72
55
96
20
20
98
50
32
62
33
94
87
1
45
91
29
84
44
32
63
98
30
72
24
41
16
15
88
83
73
70
99
42
100
68
72
48
93
78
76
43
26
22
87
0
82
49
20
36
88
24
100
84
50
28
61
47
31
10
36
28
9
66
53
35
35
79
48
37
60
20
97
27
19
66
61
13
27
98
48
7
15
84
0
83
39
2
12
79
89
88
90
26
66
0
25
12
22
77
78
77
77
78
13
56
13
0
64
68
33
49
7
2
28
73
27
39
34
26
59
81
44
10
38
74
44
89
59
84
70
11
44
94
0
47
74
65
93
52
50
88
3
88
34
49
21
36
48
75
43
48
58
34
80
27
76
30
100
23
39
27
63
62
52
16
77
20
81
92
53
31
31
53
5
82
59
35
83
62
42
9
55
14
6
28
87
50
1
29
11
9
14
87
45
74
25
83
44
77
95
58
57
75
57
7
54
56
56
73
45
90
59
10
72
15
31
6
16
27
65
32
88
98
73
100
35
28
66
67
75
28
39
55
23
4
32
30
0
42
74
66
99
23
52
87
34
21
76
33
79
13
39
75
25
54
87
80
25
0
74
51
22
70
45
0
63
47
78
10
49
64
73
47
35
57
62
2
41
8
81
25
37
16
11
37
89
38
48
72
90
88
3
65
66
66
61
27
0
88
7
84
24
37
95
40
98
29
97
72
24
97
10
50
29
69
28
94
16
69
39
79
13
89
16
2
94
33
34
2
90
17
53
18
98
71
49
6
85
92
24
67
30
51
28
54
71
63
77
97
41
98
99
38
20
2
43
11
86
41
30
89
44
87
61
32
43
98
80
19
99
56
43
59
100
83
26
99
71
32
19
64
3
65
24
66
11
84
69
61
48
38
2
90
14
27
69
40
37
43
14
59
73
71
58
100
32
20
38
70
10
71
81
48
7
9
28
19
49
24
63
18
40
47
67
32
25
42
34
11
14
94
10
46
63
62
25
26
21
64
9
42
57
76
92
52
59
99
97
74
40
14
2
75
44
15
78
13
85
84
0
86
57
46
88
33
94
92
10
7
68
56
93
69
62
36
85
70
33
57
41
38
29
64
77
58
53
36
94
52
36
37
98
82
68
73
75
32
69
90
92
72
61
52
41
6
72
41
69
55
82
92
31
76
91
43
10
28
31
63
50
9
27
24
26
5
49
95
52
46
81
48
19
8
66
46
36
99
66
33
50
55
61
19
18
27
29
98
76
81
13
74
88
22
14
49
59
30
80
17
12
43
69
70
54
97
99
49
52
45
3
97
88
43
9
86
51
54
72
21
16
12
10
89
79
79
82
46
12
5
7
36
71
90
6
48
25
54
77
16
35
91
47
81
76
78
68
11
49
27
32
3
50
34
17
73
100
81
82
6
57
9
41
15
34
33
80
61
66
53
52
77
95
29
49
23
1
80
65
94
11
25
57
40
45
81
20
52
94
31
5
93
15
5
72
55
82
4
43
2
19
97
24
14
20
27
93
68
1
23
11
92
58
48
85
48
5
29
62
50
52
50
43
84
24
76
100
38
80
62
13
13
61
19
16
62
58
24
60
25
28
96
86
90
26
41
62
36
11
12
60
62
78
50
21
59
49
43
24
8
33
55
22
12
32
14
95
81
14
59
13
73
69
55
82
62
95
71
66
46
0
25
36
22
83
11
30
29
21
83
24
58
22
94
16
64
2
62
19
28
19
32
28
75
90
38
97
30
