70
86
65
92
73
95
89
23
78
42
20
46
62
58
58
22
65
54
1
38
23
78
12
9
66
34
45
27
86
6
69
46
14
54
14
63
66
80
63
83
54
99
22
56
34
81
30
49
54
68
82
84
40
49
44
88
0
69
78
79
68
98
53
40
16
54
90
46
45
13
97
48
69
61
82
86
35
44
80
36
21
32
27
13
92
78
55
67
84
100
86
72
94
73
94
56
72
96
3
24
20
89
42
33
48
96
88
12
91
42
23
62
53
62
47
71
45
40
93
95
23
84
89
69
86
14
76
63
91
29
81
29
43
58
88
80
24
8
45
4
91
98
90
88
49
47
69
86
96
77
41
10
59
72
66
60
71
69
30
62
25
28
70
5
94
32
75
54
33
48
77
74
33
36
1
15
94
43
43
14
16
35
9
75
27
38
51
27
96
30
58
21
12
10
28
28
53
48
96
71
42
34
57
11
61
44
66
37
1
95
15
5
97
15
80
44
88
52
89
53
18
93
64
64
61
0
28
23
90
36
82
64
57
42
43
96
70
48
25
51
26
69
74
17
68
75
31
89
38
92
67
58
39
20
30
43
91
86
33
95
98
4
10
22
45
81
4
30
100
63
8
28
7
57
5
7
90
94
62
1
14
88
15
11
6
23
99
69
24
35
84
50
95
21
26
25
23
66
33
18
83
29
60
47
18
98
53
46
57
73
41
38
24
7
87
44
41
2
87
91
73
1
74
72
61
76
6
72
55
28
88
20
36
9
89
45
12
35
20
89
65
56
69
0
31
70
16
38
83
11
39
61
25
14
37
7
27
47
61
56
85
36
88
70
29
38
96
12
96
19
82
46
18
61
82
0
90
64
45
23
34
87
85
3
77
66
8
77
51
68
88
76
75
92
83
94
3
95
59
25
73
39
29
51
81
98
15
77
4
1
74
26
63
95
39
40
72
13
46
38
19
43
80
61
69
7
96
9
62
68
64
43
31
40
9
44
71
20
6
37
80
12
38
66
25
19
87
96
90
48
13
78
52
24
72
26
62
57
78
30
40
83
0
35
7
52
78
18
44
76
0
86
80
45
93
92
86
88
6
2
62
87
65
82
96
20
10
53
60
47
0
49
80
97
42
54
9
12
91
78
21
26
19
31
52
4
79
22
66
27
87
96
38
2
13
94
9
88
37
84
46
14
63
1
89
98
98
89
99
42
32
43
41
48
27
47
35
21
23
56
89
11
47
40
4
96
95
3
5
81
59
26
38
18
84
35
77
20
89
71
92
11
61
32
78
96
4
2
55
52
33
25
30
47
4
35
18
78
29
69
2
59
75
19
90
29
23
88
74
31
66
24
4
20
82
90
33
100
49
76
13
21
98
95
53
62
42
18
53
95
53
93
85
48
57
1
94
93
32
38
0
65
3
59
85
47
68
54
31
29
41
90
4
35
57
29
68
100
3
92
23
98
87
12
62
57
51
44
49
82
43
99
76
91
74
19
61
96
8
31
34
87
71
67
20
69
22
96
37
63
76
94
39
6
29
67
57
55
71
27
32
85
60
66
65
48
34
83
31
4
14
89
44
15
34
4
17
66
5
65
44
66
33
55
38
36
48
21
60
2
89
81
4
35
29
18
16
52
47
72
55
8
0
67
90
93
44
46
71
85
78
52
49
30
76
12
61
64
18
46
5
5
63
17
62
46
80
61
37
37
27
46
42
68
38
33
88
25
37
92
60
77
26
18
17
93
48
30
84
74
69
84
81
68
76
48
70
61
69
90
48
94
72
62
38
46
43
8
71
29
67
50
79
84
64
61
97
41
4
5
0
36
8
90
100
63
16
87
82
43
18
90
85
45
51
87
80
35
3
69
64
69
76
34
69
62
90
82
53
89
39
45
25
38
18
94
97
31
72
11
50
100
56
34
50
37
99
84
82
86
96
3
79
87
87
75
3
66
89
35
76
92
96
27
20
67
62
40
25
29
71
89
66
100
62
34
72
43
88
7
77
20
64
78
39
62
49
29
49
80
78
64
39
30
60
31
85
63
31
43
31
82
6
43
83
20
41
16
32
21
33
64
91
37
95
13
81
76
19
4
26
90
7
29
29
69
14
59
62
34
28
70
85
63
28
19
36
82
92
41
35
65
19
16
62
95
44
69
42
63
14
75
42
18
99
37
33
95
94
40
28
63
19
81
38
13
68
31
21
30
77
38
50
30
31
51
72
17
98
50
66
78
7
85
28
77
17
17
59
51
45
33
77
99
30
100
23
27
26
93
58
18
32
44
88
7
85
64
56
1
43
40
72
2
11
62
99
0
56
36
60
20
47
27
