83
12
6
74
10
1
11
39
70
92
76
14
52
93
72
43
80
48
79
15
75
3
40
81
75
65
34
31
79
23
54
60
64
29
74
53
70
29
93
89
33
2
25
19
89
100
54
85
49
16
75
14
53
78
15
44
15
77
28
21
98
76
45
37
97
82
6
9
14
28
52
97
99
19
35
79
84
52
41
65
85
70
6
94
14
56
41
51
44
16
5
10
49
70
100
85
84
60
49
92
12
79
3
84
81
27
19
88
12
90
59
9
72
52
39
23
53
45
75
51
2
26
61
42
98
27
94
31
56
39
83
93
93
10
25
16
68
61
89
78
15
100
87
41
16
60
67
30
42
43
75
14
62
94
52
75
18
48
98
94
78
42
0
9
48
8
5
19
35
26
19
43
88
23
13
73
31
22
70
40
34
50
36
73
7
50
1
34
47
42
47
100
33
73
50
60
2
42
16
6
86
17
81
1
71
96
32
98
82
83
56
33
9
69
89
4
100
58
49
91
66
78
94
85
68
48
56
55
95
25
33
31
88
99
82
7
21
20
13
84
11
7
27
19
53
96
6
21
90
13
33
21
27
90
4
84
20
65
16
74
92
7
38
88
0
1
65
83
87
86
52
19
39
81
72
93
34
67
31
33
93
95
70
10
27
62
37
54
3
54
78
86
52
34
27
87
54
4
68
92
93
4
28
35
32
31
60
47
35
50
100
63
78
89
40
32
3
38
86
29
92
17
33
56
94
75
34
5
77
32
2
24
30
63
42
21
98
55
3
41
63
33
50
48
36
44
48
2
11
26
31
89
71
74
25
90
76
66
79
11
39
84
32
78
42
100
50
15
37
22
7
98
1
57
1
67
2
1
49
56
92
4
96
100
42
1
19
70
81
85
42
75
36
69
25
54
6
80
50
64
98
65
51
90
56
90
51
44
18
100
34
56
38
22
13
15
68
95
83
10
49
51
21
37
43
27
17
70
55
60
17
100
56
95
79
25
21
23
9
34
58
85
53
70
88
98
20
19
25
32
35
66
61
36
10
19
4
2
1
69
46
41
100
12
73
42
7
0
53
37
24
51
67
59
33
60
66
45
54
41
50
13
81
10
51
15
26
14
85
49
67
95
86
24
70
50
74
65
56
51
97
94
48
95
51
89
32
58
41
75
55
35
58
73
87
91
74
94
93
35
6
50
66
90
80
52
9
94
30
12
83
18
59
90
16
10
95
92
39
8
4
86
37
55
24
0
84
4
63
2
7
82
83
65
96
43
78
99
7
34
92
67
79
91
50
92
35
50
63
6
57
27
21
54
98
65
26
93
51
91
8
9
74
25
43
21
78
28
20
17
34
73
41
32
69
33
24
14
85
27
42
26
24
88
36
37
33
75
24
93
29
18
41
98
82
86
94
97
17
72
47
53
6
9
60
73
20
100
15
98
100
69
12
73
48
84
32
19
34
85
73
48
23
52
61
97
7
100
41
61
30
20
77
4
68
82
59
9
99
45
9
41
12
43
62
48
48
68
51
74
1
5
50
47
63
29
84
50
70
59
6
7
66
72
23
19
20
94
63
40
19
75
98
71
53
71
12
47
76
27
1
20
75
4
80
28
22
36
65
1
64
91
59
71
72
42
22
83
53
85
23
3
60
1
79
89
87
13
80
58
6
40
36
57
35
73
95
16
7
100
15
59
9
11
59
23
61
2
50
69
100
46
18
43
82
24
40
99
90
43
79
20
3
1
93
9
38
80
37
52
30
40
34
37
68
76
26
72
100
22
96
52
25
84
34
23
78
2
5
26
73
44
29
88
47
37
90
48
79
16
63
12
29
41
88
99
66
21
27
18
8
91
81
86
94
45
59
57
74
31
32
64
86
57
76
42
45
88
64
0
83
41
73
15
56
79
47
100
26
80
37
68
62
55
12
8
50
55
24
69
87
2
61
33
17
32
88
76
77
45
71
17
69
31
85
27
1
26
19
86
20
50
85
40
75
46
72
60
28
50
19
41
66
22
100
64
90
26
28
51
75
49
63
63
62
92
67
79
22
31
24
15
68
30
75
100
68
64
26
55
46
81
92
22
24
87
42
4
83
37
12
97
60
99
52
48
4
83
97
11
81
22
51
28
88
94
89
70
48
88
20
55
48
63
54
72
64
46
3
1
24
95
19
7
17
0
35
9
23
33
87
58
98
46
52
92
95
38
18
73
52
35
32
83
38
30
50
76
35
23
18
72
95
30
49
82
6
95
48
57
61
98
10
61
1
77
93
82
52
65
6
21
38
49
57
44
63
55
41
75
90
74
32
0
51
63
42
56
22
23
63
76
36
72
