99
86
93
11
14
87
92
96
57
94
31
32
33
33
16
61
69
36
9
9
90
14
17
5
78
36
69
47
75
3
93
58
74
86
39
3
99
34
75
1
26
70
91
16
27
52
92
96
6
28
0
63
11
67
16
59
7
7
30
61
7
8
1
16
15
13
18
68
13
2
16
57
17
15
18
58
51
94
80
18
66
90
74
74
9
37
60
18
66
89
9
81
13
59
48
67
56
20
18
28
42
35
65
36
70
72
19
99
46
24
71
18
2
44
44
57
17
45
31
100
12
30
22
70
11
98
22
45
24
41
75
82
8
95
22
64
48
83
9
96
27
5
28
62
37
7
96
78
35
35
36
25
62
50
35
95
12
68
36
67
26
23
60
75
58
4
49
66
47
96
72
7
47
79
97
0
46
9
26
36
72
90
58
44
79
33
14
73
22
27
3
57
78
29
78
26
46
44
43
99
61
61
83
82
55
22
6
45
41
44
98
10
37
29
85
70
55
84
3
36
41
36
31
0
36
94
8
87
1
24
6
3
2
28
62
11
20
31
46
12
85
82
14
2
23
28
96
35
21
59
82
96
8
59
94
40
56
59
59
64
0
19
4
28
95
95
59
65
14
64
58
57
25
78
55
13
11
48
53
80
42
12
10
98
92
84
36
98
43
30
54
40
60
57
19
25
17
68
37
14
28
24
27
25
8
52
93
76
19
47
48
26
60
30
4
58
51
81
39
82
79
77
67
65
55
2
77
98
73
55
86
41
6
41
21
60
76
93
97
4
40
98
76
42
32
26
18
72
86
8
68
75
68
71
22
2
45
77
93
44
37
2
59
50
24
73
99
99
29
72
89
53
78
94
13
81
36
47
80
53
20
21
3
71
7
36
38
3
86
46
88
75
33
96
72
78
41
22
45
40
14
65
63
29
42
92
99
7
15
14
49
31
19
32
5
31
17
3
4
74
93
98
62
44
0
64
88
64
71
29
95
44
99
29
100
60
78
84
27
22
52
86
72
21
98
78
39
27
89
63
23
5
83
97
41
31
9
4
13
98
20
1
68
12
20
95
27
63
18
31
7
66
80
6
15
42
6
67
41
1
60
98
3
46
2
55
50
0
80
52
53
67
72
30
25
44
16
7
17
68
36
73
32
43
69
9
41
29
12
92
0
47
45
33
87
68
76
41
66
26
50
63
3
56
18
86
64
20
58
10
53
26
41
6
33
82
92
71
49
93
89
90
19
47
100
7
92
38
75
71
78
74
1
14
3
82
83
10
11
44
68
49
67
24
37
64
93
21
58
100
21
7
30
20
64
96
84
53
64
88
75
63
57
64
70
11
59
91
54
54
35
77
68
93
34
77
6
91
23
71
1
20
90
94
92
81
89
80
1
62
76
62
35
7
66
61
0
83
12
4
80
68
30
73
31
48
8
97
20
90
20
3
13
86
7
49
0
51
43
74
29
88
10
59
44
91
15
25
71
1
6
76
92
35
2
26
38
80
47
29
42
29
38
43
97
47
32
46
17
48
20
98
46
2
53
58
20
91
40
61
2
91
16
17
80
30
62
87
12
56
19
27
5
94
74
26
37
34
54
12
73
91
85
76
11
16
49
29
41
33
75
62
67
69
34
90
41
17
43
37
32
44
23
14
79
62
93
64
94
30
9
58
36
10
37
73
12
39
6
14
89
41
84
62
99
9
66
94
47
6
31
34
99
9
58
70
41
20
40
22
21
37
3
83
76
7
1
75
78
48
95
42
1
10
5
29
67
10
41
70
35
60
84
38
5
54
55
7
1
1
51
98
4
97
80
77
64
4
44
70
15
11
41
64
10
68
69
53
2
1
30
86
50
99
64
7
98
100
90
50
13
89
99
81
13
49
2
16
80
90
62
64
35
9
28
32
64
1
46
9
69
89
43
19
3
1
29
60
55
40
0
62
20
60
32
94
56
14
8
71
7
41
82
88
5
95
37
35
55
14
75
85
70
4
49
59
17
27
48
9
90
32
35
36
51
24
60
28
28
67
10
77
38
36
36
9
96
73
7
2
3
25
98
28
58
4
100
60
47
21
70
91
94
21
29
4
100
42
18
79
41
40
21
51
13
58
19
12
42
32
65
100
52
37
70
29
91
98
94
40
14
57
60
80
90
98
63
97
35
33
61
40
13
36
24
0
87
65
8
62
72
72
92
73
25
85
97
62
49
16
76
52
62
23
28
25
91
21
87
26
21
68
53
69
49
1
75
52
23
52
52
82
17
29
42
95
52
43
14
16
17
40
19
2
97
16
97
89
36
39
71
6
56
36
59
25
39
55
64
30
45
67
25
84
